[gd_scene load_steps=8 format=3 uid="uid://b407hx4fklh5w"]

[sub_resource type="StandardMaterial3D" id="StandardMaterial3D_5g7js"]
albedo_color = Color(0.815686, 0.576471, 0.360784, 1)

[sub_resource type="StandardMaterial3D" id="StandardMaterial3D_vwpwo"]
albedo_color = Color(0.654902, 0.305882, 0.0941176, 1)

[sub_resource type="StandardMaterial3D" id="StandardMaterial3D_iso6m"]
albedo_color = Color(0.905882, 0.411765, 0.34902, 1)

[sub_resource type="StandardMaterial3D" id="StandardMaterial3D_8j8rx"]
albedo_color = Color(0.447059, 0.654902, 0.333333, 1)

[sub_resource type="StandardMaterial3D" id="StandardMaterial3D_pkgcd"]
albedo_color = Color(0.976471, 0.835294, 0.32549, 1)

[sub_resource type="StandardMaterial3D" id="StandardMaterial3D_ml0ln"]
albedo_color = Color(0.94902, 0.819608, 0.658824, 1)

[sub_resource type="StandardMaterial3D" id="StandardMaterial3D_enauv"]
albedo_color = Color(0.952941, 0, 0.317647, 1)

[node name="Pizza" type="CSGCombiner3D"]

[node name="CSGPolygon3D" type="CSGPolygon3D" parent="."]
transform = Transform3D(1, 0, 0, 0, -4.37114e-08, -1, 0, 1, -4.37114e-08, 0, 0, 0)
polygon = PackedVector2Array(-0.2, -0.1, 0, 0.2, 0.2, -0.1, 0.106369, -0.173489, 0, -0.2, -0.115778, -0.172219)
depth = 0.02
material = SubResource("StandardMaterial3D_5g7js")

[node name="CSGPolygon3D2" type="CSGPolygon3D" parent="."]
transform = Transform3D(1, 0, 0, 0, -4.37114e-08, -1, 0, 1, -4.37114e-08, 0, 0, 0)
polygon = PackedVector2Array(-0.2, -0.1, -0.180504, -0.0795741, -0.096723, -0.122734, -0.00278637, -0.148122, 0.087342, -0.127812, 0.173662, -0.0795741, 0.2, -0.1, 0.106369, -0.173489, 0, -0.2, -0.115778, -0.172219)
depth = 0.05
material = SubResource("StandardMaterial3D_vwpwo")

[node name="CSGBox3D" type="CSGBox3D" parent="."]
transform = Transform3D(1, 0, 0, 0, 1, 0, 0, 0, 1, 0, 0.0248642, 0)
size = Vector3(0.0535813, 0.0103049, 0.0734842)
material = SubResource("StandardMaterial3D_iso6m")

[node name="CSGBox3D5" type="CSGBox3D" parent="."]
transform = Transform3D(0.433234, 0, 0.901281, 0, 1, 0, -0.901281, 0, 0.433234, 0.0246771, 0.0248642, -0.0725311)
size = Vector3(0.0535813, 0.0103049, 0.0734842)
material = SubResource("StandardMaterial3D_8j8rx")

[node name="CSGBox3D2" type="CSGBox3D" parent="."]
transform = Transform3D(0.908683, 0, 0.417486, 0, 1, 0, -0.417486, 0, 0.908683, 0.0771706, 0.0165988, -0.0421166)
size = Vector3(0.0432424, 0.0184172, 0.0394304)
material = SubResource("StandardMaterial3D_pkgcd")

[node name="CSGBox3D3" type="CSGBox3D" parent="."]
transform = Transform3D(0.908683, 0, 0.417486, 0, 1, 0, -0.417486, 0, 0.908683, -0.0891761, 0.0165988, -0.061548)
size = Vector3(0.0234405, 0.0184172, 0.0743438)
material = SubResource("StandardMaterial3D_iso6m")

[node name="CSGBox3D4" type="CSGBox3D" parent="."]
transform = Transform3D(0.908683, 0, 0.417486, 0, 1, 0, -0.417486, 0, 0.908683, 0.0151298, 0.0165988, 0.0885591)
size = Vector3(0.0886032, 0.0184172, 0.0243196)
material = SubResource("StandardMaterial3D_ml0ln")

[node name="CSGCylinder3D" type="CSGCylinder3D" parent="."]
transform = Transform3D(1, 0, 0, 0, 1, 0, 0, 0, 1, -0.0305816, 0.0247036, 0.0445385)
radius = 0.0481815
height = 0.002
material = SubResource("StandardMaterial3D_enauv")

[node name="CSGCylinder3D2" type="CSGCylinder3D" parent="."]
transform = Transform3D(1, 0, 0, 0, 1, 0, 0, 0, 1, 0.0738453, 0.0247036, 0.000315271)
radius = 0.0305106
height = 0.00732091
material = SubResource("StandardMaterial3D_enauv")
